0 0.07265625 0.03203125 0.14296875 0.0640625
3 0.07421875 0.16015625 0.1484375 0.0671875
1 0.03984375 0.259375 0.0796875 0.090625
2 0.5046875 0.26640625 0.06875 0.0875
0 0.73671875 0.03359375 0.1296875 0.05703125
0 0.90859375 0.17578125 0.1140625 0.05625
0 0.7640625 0.16328125 0.11484375 0.04375
0 0.49453125 0.15546875 0.10859375 0.0421875
0 0.22109375 0.15 0.121875 0.04921875
0 0.3609375 0.1484375 0.1109375 0.04375
0 0.6015625 0.03046875 0.115625 0.05234375
0 0.65546875 0.2671875 0.08203125 0.0828125
0 0.6328125 0.15859375 0.11171875 0.05078125
0 0.19453125 0.26484375 0.071875 0.0859375
0 0.11875 0.2609375 0.06640625 0.0953125
0 0.2875 0.26484375 0.090625 0.08515625
0 0.39453125 0.26875 0.08984375 0.08828125
0 0.3375 0.034375 0.1296875 0.05546875
0 0.20390625 0.0296875 0.11015625 0.0453125
0 0.46875 0.0296875 0.11640625 0.0453125
0 0.88046875 0.04140625 0.11171875 0.0421875
0 0.771875 0.26484375 0.0640625 0.08828125